# 1 2 3 4 5
a0.1

# 1 2 3 5 4
a0.1

# 1 2 4 3 5
a0.1

# 1 2 4 5 3
a0.1

# 1 2 5 3 4
a0.1

# 1 2 5 4 3
a0.1

# 1 3 2 4 5
a0.1

# 1 3 2 5 4
a0.1

# 1 3 4 2 5
a0.1

# 1 3 4 5 2
a0.1

# 1 3 5 2 4
p3.1

# 1 3 5 4 2
a0.1

# 1 4 2 3 5
a0.1

# 1 4 2 5 3
m3.1

# 1 4 3 2 5
a0.1

# 1 4 3 5 2
a0.1

# 1 4 5 2 3
a0.1

# 1 4 5 3 2
a0.1

# 1 5 2 3 4
a0.1

# 1 5 2 4 3
a0.1

# 1 5 3 2 4
a0.1

# 1 5 3 4 2
a0.1

# 1 5 4 2 3
a0.1

# 1 5 4 3 2
a0.1

# 2 1 3 4 5
a0.1

# 2 1 3 5 4
a0.1

# 2 1 4 3 5
a0.1

# 2 1 4 5 3
a0.1

# 2 1 5 3 4
a0.1

# 2 1 5 4 3
a0.1

# 2 3 1 4 5
a0.1

# 2 3 1 5 4
a0.1

# 2 3 4 1 5
a0.1

# 2 3 4 5 1
a0.1

# 2 3 5 1 4
a0.1

# 2 3 5 4 1
a0.1

# 2 4 1 3 5
p3.1

# 2 4 1 5 3
a0.1

# 2 4 3 1 5
a0.1

# 2 4 3 5 1
a0.1

# 2 4 5 1 3
a0.1

# 2 4 5 3 1
a0.1

# 2 5 1 3 4
a0.1

# 2 5 1 4 3
a0.1

# 2 5 3 1 4
m3.1

# 2 5 3 4 1
a0.1

# 2 5 4 1 3
a0.1

# 2 5 4 3 1
a0.1

# 3 1 2 4 5
a0.1

# 3 1 2 5 4
a0.1

# 3 1 4 2 5
m3.1

# 3 1 4 5 2
a0.1

# 3 1 5 2 4
a0.1

# 3 1 5 4 2
a0.1

# 3 2 1 4 5
a0.1

# 3 2 1 5 4
a0.1

# 3 2 4 1 5
a0.1

# 3 2 4 5 1
a0.1

# 3 2 5 1 4
a0.1

# 3 2 5 4 1
a0.1

# 3 4 1 2 5
a0.1

# 3 4 1 5 2
a0.1

# 3 4 2 1 5
a0.1

# 3 4 2 5 1
a0.1

# 3 4 5 1 2
a0.1

# 3 4 5 2 1
a0.1

# 3 5 1 2 4
a0.1

# 3 5 1 4 2
a0.1

# 3 5 2 1 4
a0.1

# 3 5 2 4 1
p3.1

# 3 5 4 1 2
a0.1

# 3 5 4 2 1
a0.1

# 4 1 2 3 5
a0.1

# 4 1 2 5 3
a0.1

# 4 1 3 2 5
a0.1

# 4 1 3 5 2
p3.1

# 4 1 5 2 3
a0.1

# 4 1 5 3 2
a0.1

# 4 2 1 3 5
a0.1

# 4 2 1 5 3
a0.1

# 4 2 3 1 5
a0.1

# 4 2 3 5 1
a0.1

# 4 2 5 1 3
a0.1

# 4 2 5 3 1
m3.1

# 4 3 1 2 5
a0.1

# 4 3 1 5 2
a0.1

# 4 3 2 1 5
a0.1

# 4 3 2 5 1
a0.1

# 4 3 5 1 2
a0.1

# 4 3 5 2 1
a0.1

# 4 5 1 2 3
a0.1

# 4 5 1 3 2
a0.1

# 4 5 2 1 3
a0.1

# 4 5 2 3 1
a0.1

# 4 5 3 1 2
a0.1

# 4 5 3 2 1
a0.1

# 5 1 2 3 4
a0.1

# 5 1 2 4 3
a0.1

# 5 1 3 2 4
a0.1

# 5 1 3 4 2
a0.1

# 5 1 4 2 3
a0.1

# 5 1 4 3 2
a0.1

# 5 2 1 3 4
a0.1

# 5 2 1 4 3
a0.1

# 5 2 3 1 4
a0.1

# 5 2 3 4 1
a0.1

# 5 2 4 1 3
p3.1

# 5 2 4 3 1
a0.1

# 5 3 1 2 4
a0.1

# 5 3 1 4 2
m3.1

# 5 3 2 1 4
a0.1

# 5 3 2 4 1
a0.1

# 5 3 4 1 2
a0.1

# 5 3 4 2 1
a0.1

# 5 4 1 2 3
a0.1

# 5 4 1 3 2
a0.1

# 5 4 2 1 3
a0.1

# 5 4 2 3 1
a0.1

# 5 4 3 1 2
a0.1

# 5 4 3 2 1
a0.1

