# 1 2 3 4 5 6 7
a0.1

# 1 2 3 4 5 7 6
a0.1

# 1 2 3 4 6 5 7
a0.1

# 1 2 3 4 6 7 5
a0.1

# 1 2 3 4 7 5 6
a0.1

# 1 2 3 4 7 6 5
a0.1

# 1 2 3 5 4 6 7
a0.1

# 1 2 3 5 4 7 6
a0.1

# 1 2 3 5 6 4 7
a0.1

# 1 2 3 5 6 7 4
a0.1

# 1 2 3 5 7 4 6
m3.1

# 1 2 3 5 7 6 4
a0.1

# 1 2 3 6 4 5 7
a0.1

# 1 2 3 6 4 7 5
p3.1

# 1 2 3 6 5 4 7
a0.1

# 1 2 3 6 5 7 4
a0.1

# 1 2 3 6 7 4 5
a0.1

# 1 2 3 6 7 5 4
a0.1

# 1 2 3 7 4 5 6
a0.1

# 1 2 3 7 4 6 5
a0.1

# 1 2 3 7 5 4 6
a0.1

# 1 2 3 7 5 6 4
a0.1

# 1 2 3 7 6 4 5
a0.1

# 1 2 3 7 6 5 4
a0.1

# 1 2 4 3 5 6 7
a0.1

# 1 2 4 3 5 7 6
a0.1

# 1 2 4 3 6 5 7
a0.1

# 1 2 4 3 6 7 5
a0.1

# 1 2 4 3 7 5 6
a0.1

# 1 2 4 3 7 6 5
a0.1

# 1 2 4 5 3 6 7
a0.1

# 1 2 4 5 3 7 6
a0.1

# 1 2 4 5 6 3 7
a0.1

# 1 2 4 5 6 7 3
a0.1

# 1 2 4 5 7 3 6
a0.1

# 1 2 4 5 7 6 3
a0.1

# 1 2 4 6 3 5 7
m3.1

# 1 2 4 6 3 7 5
a0.1

# 1 2 4 6 5 3 7
a0.1

# 1 2 4 6 5 7 3
a0.1

# 1 2 4 6 7 3 5
a0.1

# 1 2 4 6 7 5 3
a0.1

# 1 2 4 7 3 5 6
a0.1

# 1 2 4 7 3 6 5
a0.1

# 1 2 4 7 5 3 6
p3.1

# 1 2 4 7 5 6 3
a0.1

# 1 2 4 7 6 3 5
a0.1

# 1 2 4 7 6 5 3
a0.1

# 1 2 5 3 4 6 7
a0.1

# 1 2 5 3 4 7 6
a0.1

# 1 2 5 3 6 4 7
p3.1

# 1 2 5 3 6 7 4
a0.1

# 1 2 5 3 7 4 6
a0.1

# 1 2 5 3 7 6 4
a0.1

# 1 2 5 4 3 6 7
a0.1

# 1 2 5 4 3 7 6
a0.1

# 1 2 5 4 6 3 7
a0.1

# 1 2 5 4 6 7 3
a0.1

# 1 2 5 4 7 3 6
a0.1

# 1 2 5 4 7 6 3
a0.1

# 1 2 5 6 3 4 7
a0.1

# 1 2 5 6 3 7 4
a0.1

# 1 2 5 6 4 3 7
a0.1

# 1 2 5 6 4 7 3
a0.1

# 1 2 5 6 7 3 4
a0.1

# 1 2 5 6 7 4 3
a0.1

# 1 2 5 7 3 4 6
a0.1

# 1 2 5 7 3 6 4
a0.1

# 1 2 5 7 4 3 6
a0.1

# 1 2 5 7 4 6 3
m3.1

# 1 2 5 7 6 3 4
a0.1

# 1 2 5 7 6 4 3
a0.1

# 1 2 6 3 4 5 7
a0.1

# 1 2 6 3 4 7 5
a0.1

# 1 2 6 3 5 4 7
a0.1

# 1 2 6 3 5 7 4
m3.1

# 1 2 6 3 7 4 5
a0.1

# 1 2 6 3 7 5 4
a0.1

# 1 2 6 4 3 5 7
a0.1

# 1 2 6 4 3 7 5
a0.1

# 1 2 6 4 5 3 7
a0.1

# 1 2 6 4 5 7 3
a0.1

# 1 2 6 4 7 3 5
a0.1

# 1 2 6 4 7 5 3
p3.1

# 1 2 6 5 3 4 7
a0.1

# 1 2 6 5 3 7 4
a0.1

# 1 2 6 5 4 3 7
a0.1

# 1 2 6 5 4 7 3
a0.1

# 1 2 6 5 7 3 4
a0.1

# 1 2 6 5 7 4 3
a0.1

# 1 2 6 7 3 4 5
a0.1

# 1 2 6 7 3 5 4
a0.1

# 1 2 6 7 4 3 5
a0.1

# 1 2 6 7 4 5 3
a0.1

# 1 2 6 7 5 3 4
a0.1

# 1 2 6 7 5 4 3
a0.1

# 1 2 7 3 4 5 6
a0.1

# 1 2 7 3 4 6 5
a0.1

# 1 2 7 3 5 4 6
a0.1

# 1 2 7 3 5 6 4
a0.1

# 1 2 7 3 6 4 5
a0.1

# 1 2 7 3 6 5 4
a0.1

# 1 2 7 4 3 5 6
a0.1

# 1 2 7 4 3 6 5
a0.1

# 1 2 7 4 5 3 6
a0.1

# 1 2 7 4 5 6 3
a0.1

# 1 2 7 4 6 3 5
m3.1

# 1 2 7 4 6 5 3
a0.1

# 1 2 7 5 3 4 6
a0.1

# 1 2 7 5 3 6 4
p3.1

# 1 2 7 5 4 3 6
a0.1

# 1 2 7 5 4 6 3
a0.1

# 1 2 7 5 6 3 4
a0.1

# 1 2 7 5 6 4 3
a0.1

# 1 2 7 6 3 4 5
a0.1

# 1 2 7 6 3 5 4
a0.1

# 1 2 7 6 4 3 5
a0.1

# 1 2 7 6 4 5 3
a0.1

# 1 2 7 6 5 3 4
a0.1

# 1 2 7 6 5 4 3
a0.1

# 1 3 2 4 5 6 7
a0.1

# 1 3 2 4 5 7 6
a0.1

# 1 3 2 4 6 5 7
a0.1

# 1 3 2 4 6 7 5
a0.1

# 1 3 2 4 7 5 6
a0.1

# 1 3 2 4 7 6 5
a0.1

# 1 3 2 5 4 6 7
a0.1

# 1 3 2 5 4 7 6
a0.1

# 1 3 2 5 6 4 7
a0.1

# 1 3 2 5 6 7 4
a0.1

# 1 3 2 5 7 4 6
m3.1

# 1 3 2 5 7 6 4
a0.1

# 1 3 2 6 4 5 7
a0.1

# 1 3 2 6 4 7 5
p3.1

# 1 3 2 6 5 4 7
a0.1

# 1 3 2 6 5 7 4
a0.1

# 1 3 2 6 7 4 5
a0.1

# 1 3 2 6 7 5 4
a0.1

# 1 3 2 7 4 5 6
a0.1

# 1 3 2 7 4 6 5
a0.1

# 1 3 2 7 5 4 6
a0.1

# 1 3 2 7 5 6 4
a0.1

# 1 3 2 7 6 4 5
a0.1

# 1 3 2 7 6 5 4
a0.1

# 1 3 4 2 5 6 7
a0.1

# 1 3 4 2 5 7 6
a0.1

# 1 3 4 2 6 5 7
a0.1

# 1 3 4 2 6 7 5
a0.1

# 1 3 4 2 7 5 6
a0.1

# 1 3 4 2 7 6 5
a0.1

# 1 3 4 5 2 6 7
a0.1

# 1 3 4 5 2 7 6
a0.1

# 1 3 4 5 6 2 7
a0.1

# 1 3 4 5 6 7 2
a0.1

# 1 3 4 5 7 2 6
m3.1

# 1 3 4 5 7 6 2
a0.1

# 1 3 4 6 2 5 7
a0.1

# 1 3 4 6 2 7 5
p3.1

# 1 3 4 6 5 2 7
a0.1

# 1 3 4 6 5 7 2
a0.1

# 1 3 4 6 7 2 5
a0.1

# 1 3 4 6 7 5 2
a0.1

# 1 3 4 7 2 5 6
a0.1

# 1 3 4 7 2 6 5
a0.1

# 1 3 4 7 5 2 6
a0.1

# 1 3 4 7 5 6 2
a0.1

# 1 3 4 7 6 2 5
a0.1

# 1 3 4 7 6 5 2
a0.1

# 1 3 5 2 4 6 7
m3.1

# 1 3 5 2 4 7 6
m3.1

# 1 3 5 2 6 4 7
a0.1

# 1 3 5 2 6 7 4
m3.1

# 1 3 5 2 7 4 6
a4.1

# 1 3 5 2 7 6 4
m3.1

# 1 3 5 4 2 6 7
a0.1

# 1 3 5 4 2 7 6
a0.1

# 1 3 5 4 6 2 7
a0.1

# 1 3 5 4 6 7 2
a0.1

# 1 3 5 4 7 2 6
m3.1

# 1 3 5 4 7 6 2
a0.1

# 1 3 5 6 2 4 7
a0.1

# 1 3 5 6 2 7 4
a0.1

# 1 3 5 6 4 2 7
a0.1

# 1 3 5 6 4 7 2
a0.1

# 1 3 5 6 7 2 4
m3.1

# 1 3 5 6 7 4 2
a0.1

# 1 3 5 7 2 4 6
p3.1

# 1 3 5 7 2 6 4
a4.1

# 1 3 5 7 4 2 6
a4.1

# 1 3 5 7 4 6 2
m3.1

# 1 3 5 7 6 2 4
m3.1

# 1 3 5 7 6 4 2
a0.1

# 1 3 6 2 4 5 7
a0.1

# 1 3 6 2 4 7 5
m5.2

# 1 3 6 2 5 4 7
a0.1

# 1 3 6 2 5 7 4
m5.1

# 1 3 6 2 7 4 5
a0.1

# 1 3 6 2 7 5 4
a0.1

# 1 3 6 4 2 5 7
p3.1

# 1 3 6 4 2 7 5
a4.1

# 1 3 6 4 5 2 7
a0.1

# 1 3 6 4 5 7 2
a0.1

# 1 3 6 4 7 2 5
m5.2

# 1 3 6 4 7 5 2
p3.1

# 1 3 6 5 2 4 7
a0.1

# 1 3 6 5 2 7 4
a0.1

# 1 3 6 5 4 2 7
a0.1

# 1 3 6 5 4 7 2
a0.1

# 1 3 6 5 7 2 4
m3.1

# 1 3 6 5 7 4 2
a0.1

# 1 3 6 7 2 4 5
a0.1

# 1 3 6 7 2 5 4
a0.1

# 1 3 6 7 4 2 5
a0.1

# 1 3 6 7 4 5 2
a0.1

# 1 3 6 7 5 2 4
m3.1

# 1 3 6 7 5 4 2
a0.1

# 1 3 7 2 4 5 6
m3.1

# 1 3 7 2 4 6 5
m3.1

# 1 3 7 2 5 4 6
m3.1

# 1 3 7 2 5 6 4
m3.1

# 1 3 7 2 6 4 5
m3.1

# 1 3 7 2 6 5 4
m3.1

# 1 3 7 4 2 5 6
a0.1

# 1 3 7 4 2 6 5
a0.1

# 1 3 7 4 5 2 6
m3.1

# 1 3 7 4 5 6 2
a0.1

# 1 3 7 4 6 2 5
m5.1

# 1 3 7 4 6 5 2
a0.1

# 1 3 7 5 2 4 6
a4.1

# 1 3 7 5 2 6 4
p5.2

# 1 3 7 5 4 2 6
m3.1

# 1 3 7 5 4 6 2
a0.1

# 1 3 7 5 6 2 4
m3.1

# 1 3 7 5 6 4 2
a0.1

# 1 3 7 6 2 4 5
a0.1

# 1 3 7 6 2 5 4
a0.1

# 1 3 7 6 4 2 5
a0.1

# 1 3 7 6 4 5 2
a0.1

# 1 3 7 6 5 2 4
m3.1

# 1 3 7 6 5 4 2
a0.1

# 1 4 2 3 5 6 7
a0.1

# 1 4 2 3 5 7 6
a0.1

# 1 4 2 3 6 5 7
a0.1

# 1 4 2 3 6 7 5
a0.1

# 1 4 2 3 7 5 6
a0.1

# 1 4 2 3 7 6 5
a0.1

# 1 4 2 5 3 6 7
p3.1

# 1 4 2 5 3 7 6
p3.1

# 1 4 2 5 6 3 7
a0.1

# 1 4 2 5 6 7 3
p3.1

# 1 4 2 5 7 3 6
m5.2

# 1 4 2 5 7 6 3
p3.1

# 1 4 2 6 3 5 7
a0.1

# 1 4 2 6 3 7 5
p5.1

# 1 4 2 6 5 3 7
a0.1

# 1 4 2 6 5 7 3
p3.1

# 1 4 2 6 7 3 5
a0.1

# 1 4 2 6 7 5 3
p3.1

# 1 4 2 7 3 5 6
p3.1

# 1 4 2 7 3 6 5
p3.1

# 1 4 2 7 5 3 6
a4.1

# 1 4 2 7 5 6 3
p3.1

# 1 4 2 7 6 3 5
a0.1

# 1 4 2 7 6 5 3
p3.1

# 1 4 3 2 5 6 7
a0.1

# 1 4 3 2 5 7 6
a0.1

# 1 4 3 2 6 5 7
a0.1

# 1 4 3 2 6 7 5
a0.1

# 1 4 3 2 7 5 6
a0.1

# 1 4 3 2 7 6 5
a0.1

# 1 4 3 5 2 6 7
a0.1

# 1 4 3 5 2 7 6
a0.1

# 1 4 3 5 6 2 7
a0.1

# 1 4 3 5 6 7 2
a0.1

# 1 4 3 5 7 2 6
m3.1

# 1 4 3 5 7 6 2
a0.1

# 1 4 3 6 2 5 7
a0.1

# 1 4 3 6 2 7 5
p3.1

# 1 4 3 6 5 2 7
a0.1

# 1 4 3 6 5 7 2
a0.1

# 1 4 3 6 7 2 5
a0.1

# 1 4 3 6 7 5 2
a0.1

# 1 4 3 7 2 5 6
a0.1

# 1 4 3 7 2 6 5
a0.1

# 1 4 3 7 5 2 6
a0.1

# 1 4 3 7 5 6 2
a0.1

# 1 4 3 7 6 2 5
a0.1

# 1 4 3 7 6 5 2
a0.1

# 1 4 5 2 3 6 7
a0.1

# 1 4 5 2 3 7 6
a0.1

# 1 4 5 2 6 3 7
a0.1

# 1 4 5 2 6 7 3
a0.1

# 1 4 5 2 7 3 6
a0.1

# 1 4 5 2 7 6 3
a0.1

# 1 4 5 3 2 6 7
a0.1

# 1 4 5 3 2 7 6
a0.1

# 1 4 5 3 6 2 7
a0.1

# 1 4 5 3 6 7 2
a0.1

# 1 4 5 3 7 2 6
m3.1

# 1 4 5 3 7 6 2
a0.1

# 1 4 5 6 2 3 7
a0.1

# 1 4 5 6 2 7 3
p3.1

# 1 4 5 6 3 2 7
a0.1

# 1 4 5 6 3 7 2
a0.1

# 1 4 5 6 7 2 3
a0.1

# 1 4 5 6 7 3 2
a0.1

# 1 4 5 7 2 3 6
a0.1

# 1 4 5 7 2 6 3
a0.1

# 1 4 5 7 3 2 6
a0.1

# 1 4 5 7 3 6 2
a0.1

# 1 4 5 7 6 2 3
a0.1

# 1 4 5 7 6 3 2
a0.1

# 1 4 6 2 3 5 7
a0.1

# 1 4 6 2 3 7 5
a0.1

# 1 4 6 2 5 3 7
a0.1

# 1 4 6 2 5 7 3
m5.2

# 1 4 6 2 7 3 5
m5.2

# 1 4 6 2 7 5 3
a4.1

# 1 4 6 3 2 5 7
a0.1

# 1 4 6 3 2 7 5
a0.1

# 1 4 6 3 5 2 7
m3.1

# 1 4 6 3 5 7 2
m3.1

# 1 4 6 3 7 2 5
m5.1

# 1 4 6 3 7 5 2
a0.1

# 1 4 6 5 2 3 7
a0.1

# 1 4 6 5 2 7 3
p3.1

# 1 4 6 5 3 2 7
a0.1

# 1 4 6 5 3 7 2
a0.1

# 1 4 6 5 7 2 3
a0.1

# 1 4 6 5 7 3 2
a0.1

# 1 4 6 7 2 3 5
a0.1

# 1 4 6 7 2 5 3
p3.1

# 1 4 6 7 3 2 5
a0.1

# 1 4 6 7 3 5 2
a0.1

# 1 4 6 7 5 2 3
a0.1

# 1 4 6 7 5 3 2
a0.1

# 1 4 7 2 3 5 6
a0.1

# 1 4 7 2 3 6 5
a0.1

# 1 4 7 2 5 3 6
m5.2

# 1 4 7 2 5 6 3
a0.1

# 1 4 7 2 6 3 5
m5.1

# 1 4 7 2 6 5 3
a0.1

# 1 4 7 3 2 5 6
a0.1

# 1 4 7 3 2 6 5
a0.1

# 1 4 7 3 5 2 6
m5.1

# 1 4 7 3 5 6 2
a0.1

# 1 4 7 3 6 2 5
m8.19

# 1 4 7 3 6 5 2
a0.1

# 1 4 7 5 2 3 6
a0.1

# 1 4 7 5 2 6 3
p5.1

# 1 4 7 5 3 2 6
a0.1

# 1 4 7 5 3 6 2
p3.1

# 1 4 7 5 6 2 3
a0.1

# 1 4 7 5 6 3 2
a0.1

# 1 4 7 6 2 3 5
a0.1

# 1 4 7 6 2 5 3
p3.1

# 1 4 7 6 3 2 5
a0.1

# 1 4 7 6 3 5 2
a0.1

# 1 4 7 6 5 2 3
a0.1

# 1 4 7 6 5 3 2
a0.1

# 1 5 2 3 4 6 7
a0.1

# 1 5 2 3 4 7 6
a0.1

# 1 5 2 3 6 4 7
a0.1

# 1 5 2 3 6 7 4
a0.1

# 1 5 2 3 7 4 6
m3.1

# 1 5 2 3 7 6 4
a0.1

# 1 5 2 4 3 6 7
a0.1

# 1 5 2 4 3 7 6
a0.1

# 1 5 2 4 6 3 7
m3.1

# 1 5 2 4 6 7 3
a0.1

# 1 5 2 4 7 3 6
m5.1

# 1 5 2 4 7 6 3
a0.1

# 1 5 2 6 3 4 7
a0.1

# 1 5 2 6 3 7 4
p8.19

# 1 5 2 6 4 3 7
a0.1

# 1 5 2 6 4 7 3
p5.1

# 1 5 2 6 7 3 4
a0.1

# 1 5 2 6 7 4 3
a0.1

# 1 5 2 7 3 4 6
a0.1

# 1 5 2 7 3 6 4
p5.1

# 1 5 2 7 4 3 6
a0.1

# 1 5 2 7 4 6 3
p5.2

# 1 5 2 7 6 3 4
a0.1

# 1 5 2 7 6 4 3
a0.1

# 1 5 3 2 4 6 7
a0.1

# 1 5 3 2 4 7 6
a0.1

# 1 5 3 2 6 4 7
a0.1

# 1 5 3 2 6 7 4
a0.1

# 1 5 3 2 7 4 6
m3.1

# 1 5 3 2 7 6 4
a0.1

# 1 5 3 4 2 6 7
a0.1

# 1 5 3 4 2 7 6
a0.1

# 1 5 3 4 6 2 7
a0.1

# 1 5 3 4 6 7 2
a0.1

# 1 5 3 4 7 2 6
m3.1

# 1 5 3 4 7 6 2
a0.1

# 1 5 3 6 2 4 7
a0.1

# 1 5 3 6 2 7 4
p5.1

# 1 5 3 6 4 2 7
p3.1

# 1 5 3 6 4 7 2
p3.1

# 1 5 3 6 7 2 4
a0.1

# 1 5 3 6 7 4 2
a0.1

# 1 5 3 7 2 4 6
a4.1

# 1 5 3 7 2 6 4
p5.2

# 1 5 3 7 4 2 6
p5.2

# 1 5 3 7 4 6 2
a0.1

# 1 5 3 7 6 2 4
a0.1

# 1 5 3 7 6 4 2
a0.1

# 1 5 4 2 3 6 7
a0.1

# 1 5 4 2 3 7 6
a0.1

# 1 5 4 2 6 3 7
a0.1

# 1 5 4 2 6 7 3
a0.1

# 1 5 4 2 7 3 6
a0.1

# 1 5 4 2 7 6 3
a0.1

# 1 5 4 3 2 6 7
a0.1

# 1 5 4 3 2 7 6
a0.1

# 1 5 4 3 6 2 7
a0.1

# 1 5 4 3 6 7 2
a0.1

# 1 5 4 3 7 2 6
m3.1

# 1 5 4 3 7 6 2
a0.1

# 1 5 4 6 2 3 7
a0.1

# 1 5 4 6 2 7 3
p3.1

# 1 5 4 6 3 2 7
a0.1

# 1 5 4 6 3 7 2
a0.1

# 1 5 4 6 7 2 3
a0.1

# 1 5 4 6 7 3 2
a0.1

# 1 5 4 7 2 3 6
a0.1

# 1 5 4 7 2 6 3
a0.1

# 1 5 4 7 3 2 6
a0.1

# 1 5 4 7 3 6 2
a0.1

# 1 5 4 7 6 2 3
a0.1

# 1 5 4 7 6 3 2
a0.1

# 1 5 6 2 3 4 7
a0.1

# 1 5 6 2 3 7 4
a0.1

# 1 5 6 2 4 3 7
a0.1

# 1 5 6 2 4 7 3
a0.1

# 1 5 6 2 7 3 4
a0.1

# 1 5 6 2 7 4 3
a0.1

# 1 5 6 3 2 4 7
a0.1

# 1 5 6 3 2 7 4
a0.1

# 1 5 6 3 4 2 7
a0.1

# 1 5 6 3 4 7 2
a0.1

# 1 5 6 3 7 2 4
m3.1

# 1 5 6 3 7 4 2
a0.1

# 1 5 6 4 2 3 7
a0.1

# 1 5 6 4 2 7 3
p3.1

# 1 5 6 4 3 2 7
a0.1

# 1 5 6 4 3 7 2
a0.1

# 1 5 6 4 7 2 3
a0.1

# 1 5 6 4 7 3 2
a0.1

# 1 5 6 7 2 3 4
a0.1

# 1 5 6 7 2 4 3
a0.1

# 1 5 6 7 3 2 4
a0.1

# 1 5 6 7 3 4 2
a0.1

# 1 5 6 7 4 2 3
a0.1

# 1 5 6 7 4 3 2
a0.1

# 1 5 7 2 3 4 6
m3.1

# 1 5 7 2 3 6 4
a0.1

# 1 5 7 2 4 3 6
m3.1

# 1 5 7 2 4 6 3
a4.1

# 1 5 7 2 6 3 4
m3.1

# 1 5 7 2 6 4 3
m3.1

# 1 5 7 3 2 4 6
m3.1

# 1 5 7 3 2 6 4
a0.1

# 1 5 7 3 4 2 6
m3.1

# 1 5 7 3 4 6 2
a0.1

# 1 5 7 3 6 2 4
m5.1

# 1 5 7 3 6 4 2
a0.1

# 1 5 7 4 2 3 6
m3.1

# 1 5 7 4 2 6 3
p5.2

# 1 5 7 4 3 2 6
m3.1

# 1 5 7 4 3 6 2
a0.1

# 1 5 7 4 6 2 3
m3.1

# 1 5 7 4 6 3 2
m3.1

# 1 5 7 6 2 3 4
a0.1

# 1 5 7 6 2 4 3
a0.1

# 1 5 7 6 3 2 4
a0.1

# 1 5 7 6 3 4 2
a0.1

# 1 5 7 6 4 2 3
a0.1

# 1 5 7 6 4 3 2
a0.1

# 1 6 2 3 4 5 7
a0.1

# 1 6 2 3 4 7 5
p3.1

# 1 6 2 3 5 4 7
a0.1

# 1 6 2 3 5 7 4
a0.1

# 1 6 2 3 7 4 5
a0.1

# 1 6 2 3 7 5 4
a0.1

# 1 6 2 4 3 5 7
a0.1

# 1 6 2 4 3 7 5
p3.1

# 1 6 2 4 5 3 7
a0.1

# 1 6 2 4 5 7 3
p3.1

# 1 6 2 4 7 3 5
m5.2

# 1 6 2 4 7 5 3
a4.1

# 1 6 2 5 3 4 7
a0.1

# 1 6 2 5 3 7 4
p5.1

# 1 6 2 5 4 3 7
a0.1

# 1 6 2 5 4 7 3
p3.1

# 1 6 2 5 7 3 4
a0.1

# 1 6 2 5 7 4 3
a0.1

# 1 6 2 7 3 4 5
p3.1

# 1 6 2 7 3 5 4
p3.1

# 1 6 2 7 4 3 5
p3.1

# 1 6 2 7 4 5 3
p3.1

# 1 6 2 7 5 3 4
p3.1

# 1 6 2 7 5 4 3
p3.1

# 1 6 3 2 4 5 7
a0.1

# 1 6 3 2 4 7 5
p3.1

# 1 6 3 2 5 4 7
a0.1

# 1 6 3 2 5 7 4
a0.1

# 1 6 3 2 7 4 5
a0.1

# 1 6 3 2 7 5 4
a0.1

# 1 6 3 4 2 5 7
a0.1

# 1 6 3 4 2 7 5
p3.1

# 1 6 3 4 5 2 7
a0.1

# 1 6 3 4 5 7 2
a0.1

# 1 6 3 4 7 2 5
a0.1

# 1 6 3 4 7 5 2
a0.1

# 1 6 3 5 2 4 7
m3.1

# 1 6 3 5 2 7 4
p5.2

# 1 6 3 5 4 2 7
a0.1

# 1 6 3 5 4 7 2
a0.1

# 1 6 3 5 7 2 4
a4.1

# 1 6 3 5 7 4 2
m3.1

# 1 6 3 7 2 4 5
a0.1

# 1 6 3 7 2 5 4
a0.1

# 1 6 3 7 4 2 5
p5.1

# 1 6 3 7 4 5 2
a0.1

# 1 6 3 7 5 2 4
p5.2

# 1 6 3 7 5 4 2
a0.1

# 1 6 4 2 3 5 7
a0.1

# 1 6 4 2 3 7 5
p3.1

# 1 6 4 2 5 3 7
p3.1

# 1 6 4 2 5 7 3
a4.1

# 1 6 4 2 7 3 5
a4.1

# 1 6 4 2 7 5 3
m3.1

# 1 6 4 3 2 5 7
a0.1

# 1 6 4 3 2 7 5
p3.1

# 1 6 4 3 5 2 7
a0.1

# 1 6 4 3 5 7 2
a0.1

# 1 6 4 3 7 2 5
a0.1

# 1 6 4 3 7 5 2
a0.1

# 1 6 4 5 2 3 7
a0.1

# 1 6 4 5 2 7 3
p3.1

# 1 6 4 5 3 2 7
a0.1

# 1 6 4 5 3 7 2
a0.1

# 1 6 4 5 7 2 3
a0.1

# 1 6 4 5 7 3 2
a0.1

# 1 6 4 7 2 3 5
p3.1

# 1 6 4 7 2 5 3
a4.1

# 1 6 4 7 3 2 5
p3.1

# 1 6 4 7 3 5 2
a0.1

# 1 6 4 7 5 2 3
p3.1

# 1 6 4 7 5 3 2
p3.1

# 1 6 5 2 3 4 7
a0.1

# 1 6 5 2 3 7 4
a0.1

# 1 6 5 2 4 3 7
a0.1

# 1 6 5 2 4 7 3
a0.1

# 1 6 5 2 7 3 4
a0.1

# 1 6 5 2 7 4 3
a0.1

# 1 6 5 3 2 4 7
a0.1

# 1 6 5 3 2 7 4
a0.1

# 1 6 5 3 4 2 7
a0.1

# 1 6 5 3 4 7 2
a0.1

# 1 6 5 3 7 2 4
m3.1

# 1 6 5 3 7 4 2
a0.1

# 1 6 5 4 2 3 7
a0.1

# 1 6 5 4 2 7 3
p3.1

# 1 6 5 4 3 2 7
a0.1

# 1 6 5 4 3 7 2
a0.1

# 1 6 5 4 7 2 3
a0.1

# 1 6 5 4 7 3 2
a0.1

# 1 6 5 7 2 3 4
a0.1

# 1 6 5 7 2 4 3
a0.1

# 1 6 5 7 3 2 4
a0.1

# 1 6 5 7 3 4 2
a0.1

# 1 6 5 7 4 2 3
a0.1

# 1 6 5 7 4 3 2
a0.1

# 1 6 7 2 3 4 5
a0.1

# 1 6 7 2 3 5 4
a0.1

# 1 6 7 2 4 3 5
a0.1

# 1 6 7 2 4 5 3
a0.1

# 1 6 7 2 5 3 4
a0.1

# 1 6 7 2 5 4 3
a0.1

# 1 6 7 3 2 4 5
a0.1

# 1 6 7 3 2 5 4
a0.1

# 1 6 7 3 4 2 5
a0.1

# 1 6 7 3 4 5 2
a0.1

# 1 6 7 3 5 2 4
m3.1

# 1 6 7 3 5 4 2
a0.1

# 1 6 7 4 2 3 5
a0.1

# 1 6 7 4 2 5 3
p3.1

# 1 6 7 4 3 2 5
a0.1

# 1 6 7 4 3 5 2
a0.1

# 1 6 7 4 5 2 3
a0.1

# 1 6 7 4 5 3 2
a0.1

# 1 6 7 5 2 3 4
a0.1

# 1 6 7 5 2 4 3
a0.1

# 1 6 7 5 3 2 4
a0.1

# 1 6 7 5 3 4 2
a0.1

# 1 6 7 5 4 2 3
a0.1

# 1 6 7 5 4 3 2
a0.1

# 1 7 2 3 4 5 6
a0.1

# 1 7 2 3 4 6 5
a0.1

# 1 7 2 3 5 4 6
a0.1

# 1 7 2 3 5 6 4
a0.1

# 1 7 2 3 6 4 5
a0.1

# 1 7 2 3 6 5 4
a0.1

# 1 7 2 4 3 5 6
a0.1

# 1 7 2 4 3 6 5
a0.1

# 1 7 2 4 5 3 6
a0.1

# 1 7 2 4 5 6 3
a0.1

# 1 7 2 4 6 3 5
m3.1

# 1 7 2 4 6 5 3
a0.1

# 1 7 2 5 3 4 6
a0.1

# 1 7 2 5 3 6 4
p3.1

# 1 7 2 5 4 3 6
a0.1

# 1 7 2 5 4 6 3
a0.1

# 1 7 2 5 6 3 4
a0.1

# 1 7 2 5 6 4 3
a0.1

# 1 7 2 6 3 4 5
a0.1

# 1 7 2 6 3 5 4
a0.1

# 1 7 2 6 4 3 5
a0.1

# 1 7 2 6 4 5 3
a0.1

# 1 7 2 6 5 3 4
a0.1

# 1 7 2 6 5 4 3
a0.1

# 1 7 3 2 4 5 6
a0.1

# 1 7 3 2 4 6 5
a0.1

# 1 7 3 2 5 4 6
a0.1

# 1 7 3 2 5 6 4
a0.1

# 1 7 3 2 6 4 5
a0.1

# 1 7 3 2 6 5 4
a0.1

# 1 7 3 4 2 5 6
a0.1

# 1 7 3 4 2 6 5
a0.1

# 1 7 3 4 5 2 6
a0.1

# 1 7 3 4 5 6 2
a0.1

# 1 7 3 4 6 2 5
a0.1

# 1 7 3 4 6 5 2
a0.1

# 1 7 3 5 2 4 6
m3.1

# 1 7 3 5 2 6 4
a0.1

# 1 7 3 5 4 2 6
a0.1

# 1 7 3 5 4 6 2
a0.1

# 1 7 3 5 6 2 4
a0.1

# 1 7 3 5 6 4 2
a0.1

# 1 7 3 6 2 4 5
a0.1

# 1 7 3 6 2 5 4
a0.1

# 1 7 3 6 4 2 5
p3.1

# 1 7 3 6 4 5 2
a0.1

# 1 7 3 6 5 2 4
a0.1

# 1 7 3 6 5 4 2
a0.1

# 1 7 4 2 3 5 6
a0.1

# 1 7 4 2 3 6 5
a0.1

# 1 7 4 2 5 3 6
p3.1

# 1 7 4 2 5 6 3
a0.1

# 1 7 4 2 6 3 5
a0.1

# 1 7 4 2 6 5 3
a0.1

# 1 7 4 3 2 5 6
a0.1

# 1 7 4 3 2 6 5
a0.1

# 1 7 4 3 5 2 6
a0.1

# 1 7 4 3 5 6 2
a0.1

# 1 7 4 3 6 2 5
a0.1

# 1 7 4 3 6 5 2
a0.1

# 1 7 4 5 2 3 6
a0.1

# 1 7 4 5 2 6 3
a0.1

# 1 7 4 5 3 2 6
a0.1

# 1 7 4 5 3 6 2
a0.1

# 1 7 4 5 6 2 3
a0.1

# 1 7 4 5 6 3 2
a0.1

# 1 7 4 6 2 3 5
a0.1

# 1 7 4 6 2 5 3
a0.1

# 1 7 4 6 3 2 5
a0.1

# 1 7 4 6 3 5 2
m3.1

# 1 7 4 6 5 2 3
a0.1

# 1 7 4 6 5 3 2
a0.1

# 1 7 5 2 3 4 6
a0.1

# 1 7 5 2 3 6 4
a0.1

# 1 7 5 2 4 3 6
a0.1

# 1 7 5 2 4 6 3
m3.1

# 1 7 5 2 6 3 4
a0.1

# 1 7 5 2 6 4 3
a0.1

# 1 7 5 3 2 4 6
a0.1

# 1 7 5 3 2 6 4
a0.1

# 1 7 5 3 4 2 6
a0.1

# 1 7 5 3 4 6 2
a0.1

# 1 7 5 3 6 2 4
a0.1

# 1 7 5 3 6 4 2
p3.1

# 1 7 5 4 2 3 6
a0.1

# 1 7 5 4 2 6 3
a0.1

# 1 7 5 4 3 2 6
a0.1

# 1 7 5 4 3 6 2
a0.1

# 1 7 5 4 6 2 3
a0.1

# 1 7 5 4 6 3 2
a0.1

# 1 7 5 6 2 3 4
a0.1

# 1 7 5 6 2 4 3
a0.1

# 1 7 5 6 3 2 4
a0.1

# 1 7 5 6 3 4 2
a0.1

# 1 7 5 6 4 2 3
a0.1

# 1 7 5 6 4 3 2
a0.1

# 1 7 6 2 3 4 5
a0.1

# 1 7 6 2 3 5 4
a0.1

# 1 7 6 2 4 3 5
a0.1

# 1 7 6 2 4 5 3
a0.1

# 1 7 6 2 5 3 4
a0.1

# 1 7 6 2 5 4 3
a0.1

# 1 7 6 3 2 4 5
a0.1

# 1 7 6 3 2 5 4
a0.1

# 1 7 6 3 4 2 5
a0.1

# 1 7 6 3 4 5 2
a0.1

# 1 7 6 3 5 2 4
m3.1

# 1 7 6 3 5 4 2
a0.1

# 1 7 6 4 2 3 5
a0.1

# 1 7 6 4 2 5 3
p3.1

# 1 7 6 4 3 2 5
a0.1

# 1 7 6 4 3 5 2
a0.1

# 1 7 6 4 5 2 3
a0.1

# 1 7 6 4 5 3 2
a0.1

# 1 7 6 5 2 3 4
a0.1

# 1 7 6 5 2 4 3
a0.1

# 1 7 6 5 3 2 4
a0.1

# 1 7 6 5 3 4 2
a0.1

# 1 7 6 5 4 2 3
a0.1

# 1 7 6 5 4 3 2
a0.1