version https://git-lfs.github.com/spec/v1
oid sha256:b1e596bbe063d1c5158caa06a12facacdb8c882ce3629d00cd3fa0234343318b
size 1132
